Kastelhof;0 0 1.5 0;50
TreeFull;-5 -5 2 0;250
Grass;-32.0 -30.0 4.914385704078305 30; 50
Grass;-32.0 -28.3 4.823930402732582 4; 50
Grass;-32.0 -26.6 4.733475101386859 84; 50
Grass;-32.0 -24.900000000000002 4.643019800041136 136; 50
Grass;-32.0 -23.200000000000003 4.552564498695412 272; 50
Grass;-32.0 -21.500000000000004 4.462109197349689 353; 50
Grass;-32.0 -19.800000000000004 4.371653896003966 114; 50
Grass;-32.0 -18.100000000000005 4.2811985946582425 125; 50
Grass;-32.0 -16.400000000000006 4.1907432933125195 191; 50
Grass;-32.0 -14.700000000000006 4.1002879919667965 123; 50
Grass;-32.0 -13.000000000000007 4.0098326906210735 104; 50
Grass;-32.0 -11.300000000000008 3.9193773892753496 195; 50
Grass;-32.0 -9.600000000000009 3.8289220879296266 128; 50
Grass;-32.0 -7.900000000000009 3.7384667865839036 253; 50
Grass;-32.0 -6.20000000000001 3.64801148523818 322; 50
Grass;-32.0 -4.500000000000011 3.5575561838924568 186; 50
Grass;-32.0 -2.8000000000000114 3.4671008825467338 327; 50
Grass;-32.0 -1.100000000000012 3.3766455812010103 140; 50
Grass;-32.0 0.5999999999999872 3.286190279855287 56; 50
Grass;-32.0 2.299999999999983 3.195734978509564 296; 50
Grass;-32.0 3.999999999999986 3.105279677163841 257; 50
Grass;-32.0 5.699999999999989 3.014824375818117 359; 50
Grass;-32.0 7.399999999999984 2.924369074472394 352; 50
Grass;-32.0 9.09999999999998 2.833913773126671 101; 50
Grass;-32.0 10.799999999999983 2.7434584717809476 98; 50
Grass;-32.0 12.499999999999986 2.653003170435224 273; 50
Grass;-32.0 14.199999999999982 2.562547869089501 197; 50
Grass;-32.0 15.899999999999977 2.472092567743778 340; 50
Grass;-32.0 17.59999999999998 2.3816372663980547 194; 50
Grass;-32.0 19.299999999999983 2.2911819650523313 198; 50
Grass;-32.0 20.99999999999998 2.2007266637066083 260; 50
Grass;-32.0 22.699999999999974 2.1102713623608853 154; 50
Grass;-32.0 24.399999999999977 2.019816061015162 53; 50
Grass;-30.3 -30.0 4.826567769047453 258; 50
Grass;-30.3 -28.3 4.736112467701729 66; 50
Grass;-30.3 -26.6 4.645657166356006 308; 50
Grass;-30.3 -24.900000000000002 4.555201865010283 174; 50
Grass;-30.3 -23.200000000000003 4.46474656366456 47; 50
Grass;-30.3 -21.500000000000004 4.374291262318836 47; 50
Grass;-30.3 -19.800000000000004 4.283835960973113 9; 50
Grass;-30.3 -18.100000000000005 4.19338065962739 246; 50
Grass;-30.3 -16.400000000000006 4.1029253582816665 254; 50
Grass;-30.3 -14.700000000000006 4.0124700569359435 139; 50
Grass;-30.3 -13.000000000000007 3.9220147555902205 308; 50
Grass;-30.3 -11.300000000000008 3.8315594542444975 47; 50
Grass;-30.3 -9.600000000000009 3.7411041528987736 302; 50
Grass;-30.3 -7.900000000000009 3.6506488515530506 141; 50
Grass;-30.3 -6.20000000000001 3.5601935502073276 34; 50
Grass;-30.3 -4.500000000000011 3.469738248861604 191; 50
Grass;-30.3 -2.8000000000000114 3.3792829475158808 338; 50
Grass;-30.3 -1.100000000000012 3.2888276461701578 65; 50
Grass;-30.3 0.5999999999999872 3.1983723448244343 129; 50
Grass;-30.3 2.299999999999983 3.1079170434787113 196; 50
Grass;-30.3 3.999999999999986 3.017461742132988 38; 50
Grass;-30.3 5.699999999999989 2.9270064407872645 15; 50
Grass;-30.3 7.399999999999984 2.836551139441541 52; 50
Grass;-30.3 9.09999999999998 2.746095838095818 281; 50
Grass;-30.3 10.799999999999983 2.655640536750095 242; 50
Grass;-30.3 12.499999999999986 2.565185235404371 267; 50
Grass;-30.3 14.199999999999982 2.474729934058648 95; 50
Grass;-30.3 15.899999999999977 2.384274632712925 316; 50
Grass;-30.3 17.59999999999998 2.2938193313672017 57; 50
Grass;-30.3 19.299999999999983 2.2033640300214783 274; 50
Grass;-30.3 20.99999999999998 2.1129087286757553 348; 50
Grass;-30.3 22.699999999999974 2.0224534273300323 10; 50
Grass;-30.3 24.399999999999977 1.931998125984309 153; 50
Grass;-28.6 -30.0 4.7387498340166 343; 50
Grass;-28.6 -28.3 4.648294532670877 287; 50
Grass;-28.6 -26.6 4.557839231325153 77; 50
Grass;-28.6 -24.900000000000002 4.46738392997943 355; 50
Grass;-28.6 -23.200000000000003 4.376928628633707 159; 50
Grass;-28.6 -21.500000000000004 4.286473327287983 117; 50
Grass;-28.6 -19.800000000000004 4.19601802594226 19; 50
Grass;-28.6 -18.100000000000005 4.105562724596537 253; 50
Grass;-28.6 -16.400000000000006 4.015107423250814 216; 50
Grass;-28.6 -14.700000000000006 3.9246521219050905 72; 50
Grass;-28.6 -13.000000000000007 3.8341968205593675 141; 50
Grass;-28.6 -11.300000000000008 3.7437415192136445 24; 50
Grass;-28.6 -9.600000000000009 3.653286217867921 277; 50
Grass;-28.6 -7.900000000000009 3.5628309165221976 142; 50
Grass;-28.6 -6.20000000000001 3.4723756151764746 121; 50
Grass;-28.6 -4.500000000000011 3.3819203138307516 299; 50
Grass;-28.6 -2.8000000000000114 3.2914650124850278 126; 50
Grass;-28.6 -1.100000000000012 3.2010097111393048 323; 50
Grass;-28.6 0.5999999999999872 3.1105544097935818 255; 50
Grass;-28.6 2.299999999999983 3.020099108447859 288; 50
Grass;-28.6 3.999999999999986 2.929643807102135 101; 50
Grass;-28.6 5.699999999999989 2.839188505756412 295; 50
Grass;-28.6 7.399999999999984 2.748733204410689 247; 50
Grass;-28.6 9.09999999999998 2.6582779030649655 253; 50
Grass;-28.6 10.799999999999983 2.567822601719242 155; 50
Grass;-28.6 12.499999999999986 2.4773673003735186 334; 50
Grass;-28.6 14.199999999999982 2.3869119990277956 358; 50
Grass;-28.6 15.899999999999977 2.2964566976820726 357; 50
Grass;-28.6 17.59999999999998 2.206001396336349 253; 50
Grass;-28.6 19.299999999999983 2.1155460949906257 146; 50
Grass;-28.6 20.99999999999998 2.0250907936449027 11; 50
Grass;-28.6 22.699999999999974 1.9346354922991797 354; 50
Grass;-28.6 24.399999999999977 1.8441801909534563 171; 50
Grass;-26.900000000000002 -30.0 4.650931898985747 153; 50
Grass;-26.900000000000002 -28.3 4.560476597640024 46; 50
Grass;-26.900000000000002 -26.6 4.4700212962943 161; 50
Grass;-26.900000000000002 -24.900000000000002 4.379565994948577 200; 50
Grass;-26.900000000000002 -23.200000000000003 4.289110693602854 23; 50
Grass;-26.900000000000002 -21.500000000000004 4.19865539225713 264; 50
Grass;-26.900000000000002 -19.800000000000004 4.108200090911407 96; 50
Grass;-26.900000000000002 -18.100000000000005 4.017744789565684 264; 50
Grass;-26.900000000000002 -16.400000000000006 3.9272894882199614 2; 50
Grass;-26.900000000000002 -14.700000000000006 3.8368341868742375 235; 50
Grass;-26.900000000000002 -13.000000000000007 3.7463788855285145 339; 50
Grass;-26.900000000000002 -11.300000000000008 3.6559235841827915 174; 50
Grass;-26.900000000000002 -9.600000000000009 3.565468282837068 204; 50
Grass;-26.900000000000002 -7.900000000000009 3.4750129814913446 4; 50
Grass;-26.900000000000002 -6.20000000000001 3.3845576801456216 64; 50
Grass;-26.900000000000002 -4.500000000000011 3.2941023787998986 14; 50
Grass;-26.900000000000002 -2.8000000000000114 3.2036470774541748 215; 50
Grass;-26.900000000000002 -1.100000000000012 3.1131917761084518 6; 50
Grass;-26.900000000000002 0.5999999999999872 3.0227364747627288 156; 50
Grass;-26.900000000000002 2.299999999999983 2.932281173417006 238; 50
Grass;-26.900000000000002 3.999999999999986 2.841825872071282 293; 50
Grass;-26.900000000000002 5.699999999999989 2.751370570725559 5; 50
Grass;-26.900000000000002 7.399999999999984 2.6609152693798355 97; 50
Grass;-26.900000000000002 9.09999999999998 2.5704599680341125 1; 50
Grass;-26.900000000000002 10.799999999999983 2.480004666688389 164; 50
Grass;-26.900000000000002 12.499999999999986 2.3895493653426656 124; 50
Grass;-26.900000000000002 14.199999999999982 2.2990940639969426 29; 50
Grass;-26.900000000000002 15.899999999999977 2.2086387626512196 146; 50
Grass;-26.900000000000002 17.59999999999998 2.118183461305496 2; 50
Grass;-26.900000000000002 19.299999999999983 2.0277281599597727 317; 50
Grass;-26.900000000000002 20.99999999999998 1.9372728586140497 182; 50
Grass;-26.900000000000002 22.699999999999974 1.8468175572683267 318; 50
Grass;-26.900000000000002 24.399999999999977 1.7563622559226033 78; 50
Grass;-25.200000000000003 -30.0 4.563113963954894 145; 50
Grass;-25.200000000000003 -28.3 4.472658662609171 0; 50
Grass;-25.200000000000003 -26.6 4.382203361263448 52; 50
Grass;-25.200000000000003 -24.900000000000002 4.291748059917724 344; 50
Grass;-25.200000000000003 -23.200000000000003 4.201292758572001 49; 50
Grass;-25.200000000000003 -21.500000000000004 4.110837457226278 212; 50
Grass;-25.200000000000003 -19.800000000000004 4.020382155880554 5; 50
Grass;-25.200000000000003 -18.100000000000005 3.9299268545348314 122; 50
Grass;-25.200000000000003 -16.400000000000006 3.8394715531891084 169; 50
Grass;-25.200000000000003 -14.700000000000006 3.7490162518433854 201; 50
Grass;-25.200000000000003 -13.000000000000007 3.6585609504976615 262; 50
Grass;-25.200000000000003 -11.300000000000008 3.5681056491519385 296; 50
Grass;-25.200000000000003 -9.600000000000009 3.4776503478062155 176; 50
Grass;-25.200000000000003 -7.900000000000009 3.387195046460492 54; 50
Grass;-25.200000000000003 -6.20000000000001 3.2967397451147686 331; 50
Grass;-25.200000000000003 -4.500000000000011 3.2062844437690456 49; 50
Grass;-25.200000000000003 -2.8000000000000114 3.1158291424233227 76; 50
Grass;-25.200000000000003 -1.100000000000012 3.0253738410775988 246; 50
Grass;-25.200000000000003 0.5999999999999872 2.9349185397318758 151; 50
Grass;-25.200000000000003 2.299999999999983 2.844463238386153 231; 50
Grass;-25.200000000000003 3.999999999999986 2.7540079370404293 183; 50
Grass;-25.200000000000003 5.699999999999989 2.663552635694706 106; 50
Grass;-25.200000000000003 7.399999999999984 2.573097334348983 139; 50
Grass;-25.200000000000003 9.09999999999998 2.48264203300326 2; 50
Grass;-25.200000000000003 10.799999999999983 2.392186731657536 258; 50
Grass;-25.200000000000003 12.499999999999986 2.301731430311813 10; 50
Grass;-25.200000000000003 14.199999999999982 2.21127612896609 210; 50
Grass;-25.200000000000003 15.899999999999977 2.1208208276203666 8; 50
Grass;-25.200000000000003 17.59999999999998 2.030365526274643 74; 50
Grass;-25.200000000000003 19.299999999999983 1.93991022492892 175; 50
Grass;-25.200000000000003 20.99999999999998 1.849454923583197 71; 50
Grass;-25.200000000000003 22.699999999999974 1.758999622237474 142; 50
Grass;-25.200000000000003 24.399999999999977 1.6685443208917505 57; 50
Grass;-23.500000000000004 -30.0 4.475296028924041 210; 50
Grass;-23.500000000000004 -28.3 4.384840727578318 10; 50
Grass;-23.500000000000004 -26.6 4.294385426232595 241; 50
Grass;-23.500000000000004 -24.900000000000002 4.203930124886872 276; 50
Grass;-23.500000000000004 -23.200000000000003 4.113474823541148 123; 50
Grass;-23.500000000000004 -21.500000000000004 4.023019522195425 39; 50
Grass;-23.500000000000004 -19.800000000000004 3.9325642208497023 325; 50
Grass;-23.500000000000004 -18.100000000000005 3.8421089195039784 0; 50
Grass;-23.500000000000004 -16.400000000000006 3.7516536181582554 182; 50
Grass;-23.500000000000004 -14.700000000000006 3.6611983168125324 233; 50
Grass;-23.500000000000004 -13.000000000000007 3.5707430154668094 49; 50
Grass;-23.500000000000004 -11.300000000000008 3.4802877141210855 206; 50
Grass;-23.500000000000004 -9.600000000000009 3.3898324127753625 136; 50
Grass;-23.500000000000004 -7.900000000000009 3.2993771114296395 276; 50
Grass;-23.500000000000004 -6.20000000000001 3.208921810083916 4; 50
Grass;-23.500000000000004 -4.500000000000011 3.1184665087381926 311; 50
Grass;-23.500000000000004 -2.8000000000000114 3.0280112073924697 341; 50
Grass;-23.500000000000004 -1.100000000000012 2.937555906046746 21; 50
Grass;-23.500000000000004 0.5999999999999872 2.8471006047010228 114; 50
Grass;-23.500000000000004 2.299999999999983 2.7566453033553 317; 50
Grass;-23.500000000000004 3.999999999999986 2.666190002009577 312; 50
Grass;-23.500000000000004 5.699999999999989 2.575734700663853 154; 50
Grass;-23.500000000000004 7.399999999999984 2.48527939931813 276; 50
Grass;-23.500000000000004 9.09999999999998 2.394824097972407 341; 50
Grass;-23.500000000000004 10.799999999999983 2.3043687966266835 264; 50
Grass;-23.500000000000004 12.499999999999986 2.21391349528096 283; 50
Grass;-23.500000000000004 14.199999999999982 2.123458193935237 79; 50
Grass;-23.500000000000004 15.899999999999977 2.033002892589514 136; 50
Grass;-23.500000000000004 17.59999999999998 1.9425475912437908 14; 50
Grass;-23.500000000000004 19.299999999999983 1.8520922898980672 311; 50
Grass;-23.500000000000004 20.99999999999998 1.7616369885523442 242; 50
Grass;-23.500000000000004 22.699999999999974 1.6711816872066212 187; 50
Grass;-23.500000000000004 24.399999999999977 1.5807263858608978 154; 50
Grass;-21.800000000000004 -30.0 4.387478093893189 209; 50
Grass;-21.800000000000004 -28.3 4.297022792547465 41; 50
Grass;-21.800000000000004 -26.6 4.206567491201742 279; 50
Grass;-21.800000000000004 -24.900000000000002 4.116112189856019 93; 50
Grass;-21.800000000000004 -23.200000000000003 4.025656888510296 128; 50
Grass;-21.800000000000004 -21.500000000000004 3.9352015871645722 54; 50
Grass;-21.800000000000004 -19.800000000000004 3.8447462858188493 242; 50
Grass;-21.800000000000004 -18.100000000000005 3.7542909844731263 167; 50
Grass;-21.800000000000004 -16.400000000000006 3.663835683127403 333; 50
Grass;-21.800000000000004 -14.700000000000006 3.5733803817816794 320; 50
Grass;-21.800000000000004 -13.000000000000007 3.4829250804359564 301; 50
Grass;-21.800000000000004 -11.300000000000008 3.3924697790902334 167; 50
Grass;-21.800000000000004 -9.600000000000009 3.3020144777445095 194; 50
Grass;-21.800000000000004 -7.900000000000009 3.2115591763987865 206; 50
Grass;-21.800000000000004 -6.20000000000001 3.1211038750530635 333; 50
Grass;-21.800000000000004 -4.500000000000011 3.03064857370734 124; 50
Grass;-21.800000000000004 -2.8000000000000114 2.9401932723616166 211; 50
Grass;-21.800000000000004 -1.100000000000012 2.8497379710158937 73; 50
Grass;-21.800000000000004 0.5999999999999872 2.75928266967017 318; 50
Grass;-21.800000000000004 2.299999999999983 2.6688273683244472 232; 50
Grass;-21.800000000000004 3.999999999999986 2.578372066978724 78; 50
Grass;-21.800000000000004 5.699999999999989 2.4879167656330003 76; 50
Grass;-21.800000000000004 7.399999999999984 2.3974614642872774 144; 50
Grass;-21.800000000000004 9.09999999999998 2.307006162941554 103; 50
Grass;-21.800000000000004 10.799999999999983 2.216550861595831 138; 50
Grass;-21.800000000000004 12.499999999999986 2.1260955602501075 129; 50
Grass;-21.800000000000004 14.199999999999982 2.0356402589043845 101; 50
Grass;-21.800000000000004 15.899999999999977 1.9451849575586613 221; 50
Grass;-21.800000000000004 17.59999999999998 1.8547296562129378 332; 50
Grass;-21.800000000000004 19.299999999999983 1.7642743548672144 173; 50
Grass;-21.800000000000004 20.99999999999998 1.6738190535214914 52; 50
Grass;-21.800000000000004 22.699999999999974 1.5833637521757684 110; 50
Grass;-21.800000000000004 24.399999999999977 1.492908450830045 60; 50
Grass;-20.100000000000005 -30.0 4.299660158862336 123; 50
Grass;-20.100000000000005 -28.3 4.209204857516613 207; 50
Grass;-20.100000000000005 -26.6 4.118749556170889 23; 50
Grass;-20.100000000000005 -24.900000000000002 4.028294254825166 151; 50
Grass;-20.100000000000005 -23.200000000000003 3.937838953479443 84; 50
Grass;-20.100000000000005 -21.500000000000004 3.8473836521337192 252; 50
Grass;-20.100000000000005 -19.800000000000004 3.7569283507879963 358; 50
Grass;-20.100000000000005 -18.100000000000005 3.6664730494422733 26; 50
Grass;-20.100000000000005 -16.400000000000006 3.5760177480965503 266; 50
Grass;-20.100000000000005 -14.700000000000006 3.4855624467508264 191; 50
Grass;-20.100000000000005 -13.000000000000007 3.3951071454051034 116; 50
Grass;-20.100000000000005 -11.300000000000008 3.3046518440593804 303; 50
Grass;-20.100000000000005 -9.600000000000009 3.214196542713657 336; 50
Grass;-20.100000000000005 -7.900000000000009 3.1237412413679335 196; 50
Grass;-20.100000000000005 -6.20000000000001 3.0332859400222105 118; 50
Grass;-20.100000000000005 -4.500000000000011 2.9428306386764875 217; 50
Grass;-20.100000000000005 -2.8000000000000114 2.8523753373307636 329; 50
Grass;-20.100000000000005 -1.100000000000012 2.7619200359850407 256; 50
Grass;-20.100000000000005 0.5999999999999872 2.6714647346393177 140; 50
Grass;-20.100000000000005 2.299999999999983 2.5810094332935947 198; 50
Grass;-20.100000000000005 3.999999999999986 2.490554131947871 212; 50
Grass;-20.100000000000005 5.699999999999989 2.400098830602148 321; 50
Grass;-20.100000000000005 7.399999999999984 2.3096435292564244 77; 50
Grass;-20.100000000000005 9.09999999999998 2.2191882279107014 47; 50
Grass;-20.100000000000005 10.799999999999983 2.128732926564978 76; 50
Grass;-20.100000000000005 12.499999999999986 2.0382776252192545 309; 50
Grass;-20.100000000000005 14.199999999999982 1.9478223238735317 245; 50
Grass;-20.100000000000005 15.899999999999977 1.8573670225278087 122; 50
Grass;-20.100000000000005 17.59999999999998 1.7669117211820853 105; 50
Grass;-20.100000000000005 19.299999999999983 1.6764564198363616 15; 50
Grass;-20.100000000000005 20.99999999999998 1.5860011184906386 268; 50
Grass;-20.100000000000005 22.699999999999974 1.4955458171449156 281; 50
Grass;-20.100000000000005 24.399999999999977 1.4050905157991922 67; 50
Grass;-18.400000000000006 -30.0 4.211842223831483 292; 50
Grass;-18.400000000000006 -28.3 4.12138692248576 202; 50
Grass;-18.400000000000006 -26.6 4.030931621140037 287; 50
Grass;-18.400000000000006 -24.900000000000002 3.940476319794313 284; 50
Grass;-18.400000000000006 -23.200000000000003 3.85002101844859 94; 50
Grass;-18.400000000000006 -21.500000000000004 3.759565717102867 337; 50
Grass;-18.400000000000006 -19.800000000000004 3.6691104157571433 21; 50
Grass;-18.400000000000006 -18.100000000000005 3.5786551144114203 123; 50
Grass;-18.400000000000006 -16.400000000000006 3.4881998130656973 183; 50
Grass;-18.400000000000006 -14.700000000000006 3.397744511719974 64; 50
Grass;-18.400000000000006 -13.000000000000007 3.3072892103742504 83; 50
Grass;-18.400000000000006 -11.300000000000008 3.2168339090285274 353; 50
Grass;-18.400000000000006 -9.600000000000009 3.1263786076828044 288; 50
Grass;-18.400000000000006 -7.900000000000009 3.0359233063370805 13; 50
Grass;-18.400000000000006 -6.20000000000001 2.9454680049913575 144; 50
Grass;-18.400000000000006 -4.500000000000011 2.8550127036456345 117; 50
Grass;-18.400000000000006 -2.8000000000000114 2.764557402299911 156; 50
Grass;-18.400000000000006 -1.100000000000012 2.6741021009541877 262; 50
Grass;-18.400000000000006 0.5999999999999872 2.5836467996084647 316; 50
Grass;-18.400000000000006 2.299999999999983 2.4931914982627417 200; 50
Grass;-18.400000000000006 3.999999999999986 2.402736196917018 160; 50
Grass;-18.400000000000006 5.699999999999989 2.312280895571295 228; 50
Grass;-18.400000000000006 7.399999999999984 2.221825594225572 165; 50
Grass;-18.400000000000006 9.09999999999998 2.1313702928798484 47; 50
Grass;-18.400000000000006 10.799999999999983 2.040914991534125 74; 50
Grass;-18.400000000000006 12.499999999999986 1.9504596901884017 359; 50
Grass;-18.400000000000006 14.199999999999982 1.8600043888426787 127; 50
Grass;-18.400000000000006 15.899999999999977 1.7695490874969557 280; 50
Grass;-18.400000000000006 17.59999999999998 1.6790937861512323 17; 50
Grass;-18.400000000000006 19.299999999999983 1.5886384848055088 317; 50
Grass;-18.400000000000006 20.99999999999998 1.4981831834597858 285; 50
Grass;-18.400000000000006 22.699999999999974 1.4077278821140629 189; 50
Grass;-18.400000000000006 24.399999999999977 1.3172725807683394 47; 50
Grass;-16.700000000000006 -30.0 4.12402428880063 209; 50
Grass;-16.700000000000006 -28.3 4.033568987454907 230; 50
Grass;-16.700000000000006 -26.6 3.943113686109184 143; 50
Grass;-16.700000000000006 -24.900000000000002 3.852658384763461 307; 50
Grass;-16.700000000000006 -23.200000000000003 3.762203083417737 277; 50
Grass;-16.700000000000006 -21.500000000000004 3.671747782072014 169; 50
Grass;-16.700000000000006 -19.800000000000004 3.581292480726291 60; 50
Grass;-16.700000000000006 -18.100000000000005 3.4908371793805673 197; 50
Grass;-16.700000000000006 -16.400000000000006 3.4003818780348443 164; 50
Grass;-16.700000000000006 -14.700000000000006 3.3099265766891213 268; 50
Grass;-16.700000000000006 -13.000000000000007 3.219471275343398 348; 50
Grass;-16.700000000000006 -11.300000000000008 3.1290159739976744 12; 50
Grass;-16.700000000000006 -9.600000000000009 3.0385606726519514 327; 50
Grass;-16.700000000000006 -7.900000000000009 2.9481053713062284 306; 50
Grass;-16.700000000000006 -6.20000000000001 2.8576500699605045 173; 50
Grass;-16.700000000000006 -4.500000000000011 2.7671947686147815 130; 50
Grass;-16.700000000000006 -2.8000000000000114 2.6767394672690585 149; 50
Grass;-16.700000000000006 -1.100000000000012 2.586284165923335 218; 50
Grass;-16.700000000000006 0.5999999999999872 2.4958288645776117 74; 50
Grass;-16.700000000000006 2.299999999999983 2.4053735632318887 18; 50
Grass;-16.700000000000006 3.999999999999986 2.3149182618861652 273; 50
Grass;-16.700000000000006 5.699999999999989 2.224462960540442 46; 50
Grass;-16.700000000000006 7.399999999999984 2.134007659194719 157; 50
Grass;-16.700000000000006 9.09999999999998 2.043552357848996 293; 50
Grass;-16.700000000000006 10.799999999999983 1.9530970565032726 154; 50
Grass;-16.700000000000006 12.499999999999986 1.8626417551575492 136; 50
Grass;-16.700000000000006 14.199999999999982 1.7721864538118262 343; 50
Grass;-16.700000000000006 15.899999999999977 1.681731152466103 276; 50
Grass;-16.700000000000006 17.59999999999998 1.5912758511203795 62; 50
Grass;-16.700000000000006 19.299999999999983 1.5008205497746558 294; 50
Grass;-16.700000000000006 20.99999999999998 1.4103652484289328 20; 50
Grass;-16.700000000000006 22.699999999999974 1.3199099470832099 128; 50
Grass;-16.700000000000006 24.399999999999977 1.2294546457374864 35; 50
Grass;-15.000000000000007 -30.0 4.036206353769777 40; 50
Grass;-15.000000000000007 -28.3 3.945751052424054 310; 50
Grass;-15.000000000000007 -26.6 3.855295751078331 295; 50
Grass;-15.000000000000007 -24.900000000000002 3.764840449732608 119; 50
Grass;-15.000000000000007 -23.200000000000003 3.674385148386884 215; 50
Grass;-15.000000000000007 -21.500000000000004 3.583929847041161 327; 50
Grass;-15.000000000000007 -19.800000000000004 3.493474545695438 108; 50
Grass;-15.000000000000007 -18.100000000000005 3.4030192443497147 89; 50
Grass;-15.000000000000007 -16.400000000000006 3.3125639430039913 170; 50
Grass;-15.000000000000007 -14.700000000000006 3.2221086416582683 163; 50
Grass;-15.000000000000007 -13.000000000000007 3.1316533403125453 153; 50
Grass;-15.000000000000007 -11.300000000000008 3.0411980389668214 33; 50
Grass;-15.000000000000007 -9.600000000000009 2.9507427376210984 312; 50
Grass;-15.000000000000007 -7.900000000000009 2.8602874362753754 114; 50
Grass;-15.000000000000007 -6.20000000000001 2.769832134929652 138; 50
Grass;-15.000000000000007 -4.500000000000011 2.6793768335839285 265; 50
Grass;-15.000000000000007 -2.8000000000000114 2.5889215322382055 270; 50
Grass;-15.000000000000007 -1.100000000000012 2.498466230892482 341; 50
Grass;-15.000000000000007 0.5999999999999872 2.4080109295467587 35; 50
Grass;-15.000000000000007 2.299999999999983 2.3175556282010357 72; 50
Grass;-15.000000000000007 3.999999999999986 2.2271003268553127 337; 50
Grass;-15.000000000000007 5.699999999999989 2.1366450255095892 332; 50
Grass;-15.000000000000007 7.399999999999984 2.046189724163866 107; 50
Grass;-15.000000000000007 9.09999999999998 1.955734422818143 309; 50
Grass;-15.000000000000007 10.799999999999983 1.8652791214724196 350; 50
Grass;-15.000000000000007 12.499999999999986 1.7748238201266962 115; 50
Grass;-15.000000000000007 14.199999999999982 1.6843685187809732 34; 50
Grass;-15.000000000000007 15.899999999999977 1.5939132174352502 5; 50
Grass;-15.000000000000007 17.59999999999998 1.5034579160895267 346; 50
Grass;-15.000000000000007 19.299999999999983 1.413002614743803 269; 50
Grass;-15.000000000000007 20.99999999999998 1.32254731339808 277; 50
Grass;-15.000000000000007 22.699999999999974 1.232092012052357 306; 50
Grass;-15.000000000000007 24.399999999999977 1.1416367107066336 247; 50
Grass;-13.300000000000008 -30.0 3.948388418738925 313; 50
Grass;-13.300000000000008 -28.3 3.857933117393201 59; 50
Grass;-13.300000000000008 -26.6 3.767477816047478 297; 50
Grass;-13.300000000000008 -24.900000000000002 3.677022514701755 83; 50
Grass;-13.300000000000008 -23.200000000000003 3.586567213356032 282; 50
Grass;-13.300000000000008 -21.500000000000004 3.496111912010308 198; 50
Grass;-13.300000000000008 -19.800000000000004 3.405656610664585 138; 50
Grass;-13.300000000000008 -18.100000000000005 3.315201309318862 239; 50
Grass;-13.300000000000008 -16.400000000000006 3.2247460079731387 303; 50
Grass;-13.300000000000008 -14.700000000000006 3.1342907066274153 95; 50
Grass;-13.300000000000008 -13.000000000000007 3.0438354052816923 188; 50
Grass;-13.300000000000008 -11.300000000000008 2.9533801039359693 268; 50
Grass;-13.300000000000008 -9.600000000000009 2.8629248025902454 42; 50
Grass;-13.300000000000008 -7.900000000000009 2.7724695012445224 137; 50
Grass;-13.300000000000008 -6.20000000000001 2.6820141998987994 253; 50
Grass;-13.300000000000008 -4.500000000000011 2.591558898553076 304; 50
Grass;-13.300000000000008 -2.8000000000000114 2.5011035972073525 256; 50
Grass;-13.300000000000008 -1.100000000000012 2.4106482958616295 218; 50
Grass;-13.300000000000008 0.5999999999999872 2.320192994515906 291; 50
Grass;-13.300000000000008 2.299999999999983 2.229737693170183 156; 50
Grass;-13.300000000000008 3.999999999999986 2.1392823918244597 230; 50
Grass;-13.300000000000008 5.699999999999989 2.0488270904787362 124; 50
Grass;-13.300000000000008 7.399999999999984 1.9583717891330135 201; 50
Grass;-13.300000000000008 9.09999999999998 1.8679164877872902 172; 50
Grass;-13.300000000000008 10.799999999999983 1.7774611864415668 340; 50
Grass;-13.300000000000008 12.499999999999986 1.6870058850958434 90; 50
Grass;-13.300000000000008 14.199999999999982 1.5965505837501204 225; 50
Grass;-13.300000000000008 15.899999999999977 1.5060952824043972 157; 50
Grass;-13.300000000000008 17.59999999999998 1.4156399810586737 25; 50
Grass;-13.300000000000008 19.299999999999983 1.3251846797129503 140; 50
Grass;-13.300000000000008 20.99999999999998 1.2347293783672273 288; 50
Grass;-13.300000000000008 22.699999999999974 1.1442740770215043 27; 50
Grass;-13.300000000000008 24.399999999999977 1.0538187756757809 110; 50
Grass;-11.600000000000009 -30.0 3.860570483708072 2; 50
Grass;-11.600000000000009 -28.3 3.770115182362349 349; 50
Grass;-11.600000000000009 -26.6 3.679659881016625 112; 50
Grass;-11.600000000000009 -24.900000000000002 3.589204579670902 272; 50
Grass;-11.600000000000009 -23.200000000000003 3.498749278325179 237; 50
Grass;-11.600000000000009 -21.500000000000004 3.408293976979455 92; 50
Grass;-11.600000000000009 -19.800000000000004 3.317838675633732 333; 50
Grass;-11.600000000000009 -18.100000000000005 3.227383374288009 321; 50
Grass;-11.600000000000009 -16.400000000000006 3.136928072942286 183; 50
Grass;-11.600000000000009 -14.700000000000006 3.0464727715965623 29; 50
Grass;-11.600000000000009 -13.000000000000007 2.9560174702508393 111; 50
Grass;-11.600000000000009 -11.300000000000008 2.8655621689051163 176; 50
Grass;-11.600000000000009 -9.600000000000009 2.7751068675593924 49; 50
Grass;-11.600000000000009 -7.900000000000009 2.6846515662136694 49; 50
Grass;-11.600000000000009 -6.20000000000001 2.5941962648679464 92; 50
Grass;-11.600000000000009 -4.500000000000011 2.503740963522223 38; 50
Grass;-11.600000000000009 -2.8000000000000114 2.4132856621764995 76; 50
Grass;-11.600000000000009 -1.100000000000012 2.3228303608307765 195; 50
Grass;-11.600000000000009 0.5999999999999872 2.232375059485053 340; 50
Grass;-11.600000000000009 2.299999999999983 2.14191975813933 328; 50
Grass;-11.600000000000009 3.999999999999986 2.0514644567936067 356; 50
Grass;-11.600000000000009 5.699999999999989 1.9610091554478835 175; 50
Grass;-11.600000000000009 7.399999999999984 1.8705538541021605 263; 50
Grass;-11.600000000000009 9.09999999999998 1.7800985527564375 302; 50
Grass;-11.600000000000009 10.799999999999983 1.689643251410714 5; 50
Grass;-11.600000000000009 12.499999999999986 1.5991879500649906 344; 50
Grass;-11.600000000000009 14.199999999999982 1.5087326487192676 246; 50
Grass;-11.600000000000009 15.899999999999977 1.4182773473735444 72; 50
Grass;-11.600000000000009 17.59999999999998 1.327822046027821 219; 50
Grass;-11.600000000000009 19.299999999999983 1.2373667446820973 69; 50
Grass;-11.600000000000009 20.99999999999998 1.1469114433363743 349; 50
Grass;-11.600000000000009 22.699999999999974 1.0564561419906513 243; 50
Grass;-11.600000000000009 24.399999999999977 0.9660008406449279 34; 50
Grass;-9.90000000000001 -30.0 3.772752548677219 356; 50
Grass;-9.90000000000001 -28.3 3.682297247331496 216; 50
Grass;-9.90000000000001 -26.6 3.591841945985773 78; 50
Grass;-9.90000000000001 -24.900000000000002 3.501386644640049 153; 50
Grass;-9.90000000000001 -23.200000000000003 3.410931343294326 190; 50
Grass;-9.90000000000001 -21.500000000000004 3.320476041948603 117; 50
Grass;-9.90000000000001 -19.800000000000004 3.230020740602879 162; 50
Grass;-9.90000000000001 -18.100000000000005 3.139565439257156 56; 50
Grass;-9.90000000000001 -16.400000000000006 3.049110137911433 314; 50
Grass;-9.90000000000001 -14.700000000000006 2.9586548365657097 119; 50
Grass;-9.90000000000001 -13.000000000000007 2.8681995352199863 0; 50
Grass;-9.90000000000001 -11.300000000000008 2.7777442338742633 346; 50
Grass;-9.90000000000001 -9.600000000000009 2.6872889325285403 60; 50
Grass;-9.90000000000001 -7.900000000000009 2.596833631182817 235; 50
Grass;-9.90000000000001 -6.20000000000001 2.5063783298370934 325; 50
Grass;-9.90000000000001 -4.500000000000011 2.4159230284913704 52; 50
Grass;-9.90000000000001 -2.8000000000000114 2.325467727145647 234; 50
Grass;-9.90000000000001 -1.100000000000012 2.235012425799924 337; 50
Grass;-9.90000000000001 0.5999999999999872 2.1445571244542005 270; 50
Grass;-9.90000000000001 2.299999999999983 2.0541018231084776 15; 50
Grass;-9.90000000000001 3.999999999999986 1.9636465217627541 136; 50
Grass;-9.90000000000001 5.699999999999989 1.8731912204170307 172; 50
Grass;-9.90000000000001 7.399999999999984 1.7827359190713077 11; 50
Grass;-9.90000000000001 9.09999999999998 1.6922806177255845 174; 50
Grass;-9.90000000000001 10.799999999999983 1.601825316379861 122; 50
Grass;-9.90000000000001 12.499999999999986 1.5113700150341376 122; 50
Grass;-9.90000000000001 14.199999999999982 1.4209147136884146 277; 50
Grass;-9.90000000000001 15.899999999999977 1.3304594123426916 240; 50
Grass;-9.90000000000001 17.59999999999998 1.2400041109969682 263; 50
Grass;-9.90000000000001 19.299999999999983 1.1495488096512445 176; 50
Grass;-9.90000000000001 20.99999999999998 1.0590935083055215 115; 50
Grass;-9.90000000000001 22.699999999999974 0.9686382069597985 109; 50
Grass;-9.90000000000001 24.399999999999977 0.8781829056140751 70; 50
Grass;-8.20000000000001 -30.0 3.684934613646366 346; 50
Grass;-8.20000000000001 -28.3 3.594479312300643 107; 50
Grass;-8.20000000000001 -26.6 3.50402401095492 291; 50
Grass;-8.20000000000001 -24.900000000000002 3.4135687096091964 305; 50
Grass;-8.20000000000001 -23.200000000000003 3.323113408263473 332; 50
Grass;-8.20000000000001 -21.500000000000004 3.23265810691775 34; 50
Grass;-8.20000000000001 -19.800000000000004 3.1422028055720266 257; 50
Grass;-8.20000000000001 -18.100000000000005 3.051747504226303 135; 50
Grass;-8.20000000000001 -16.400000000000006 2.96129220288058 141; 50
Grass;-8.20000000000001 -14.700000000000006 2.870836901534857 170; 50
Grass;-8.20000000000001 -13.000000000000007 2.7803816001891337 223; 50
Grass;-8.20000000000001 -11.300000000000008 2.6899262988434103 314; 50
Grass;-8.20000000000001 -9.600000000000009 2.5994709974976873 298; 50
Grass;-8.20000000000001 -7.900000000000009 2.509015696151964 119; 50
Grass;-8.20000000000001 -6.20000000000001 2.4185603948062404 319; 50
Grass;-8.20000000000001 -4.500000000000011 2.3281050934605174 201; 50
Grass;-8.20000000000001 -2.8000000000000114 2.2376497921147944 173; 50
Grass;-8.20000000000001 -1.100000000000012 2.147194490769071 189; 50
Grass;-8.20000000000001 0.5999999999999872 2.0567391894233475 111; 50
Grass;-8.20000000000001 2.299999999999983 1.9662838880776248 303; 50
Grass;-8.20000000000001 3.999999999999986 1.8758285867319013 196; 50
Grass;-8.20000000000001 5.699999999999989 1.785373285386178 221; 50
Grass;-8.20000000000001 7.399999999999984 1.694917984040455 338; 50
Grass;-8.20000000000001 9.09999999999998 1.6044626826947317 198; 50
Grass;-8.20000000000001 10.799999999999983 1.5140073813490083 0; 50
Grass;-8.20000000000001 12.499999999999986 1.4235520800032848 128; 50
Grass;-8.20000000000001 14.199999999999982 1.3330967786575618 24; 50
Grass;-8.20000000000001 15.899999999999977 1.2426414773118388 68; 50
Grass;-8.20000000000001 17.59999999999998 1.1521861759661154 110; 50
Grass;-8.20000000000001 19.299999999999983 1.0617308746203917 4; 50
Grass;-8.20000000000001 20.99999999999998 0.9712755732746687 107; 50
Grass;-8.20000000000001 22.699999999999974 0.8808202719289457 164; 50
Grass;-8.20000000000001 24.399999999999977 0.7903649705832223 139; 50
Grass;-6.500000000000011 -30.0 3.5971166786155133 214; 50
Grass;-6.500000000000011 -28.3 3.50666137726979 106; 50
Grass;-6.500000000000011 -26.6 3.416206075924067 335; 50
Grass;-6.500000000000011 -24.900000000000002 3.325750774578344 174; 50
Grass;-6.500000000000011 -23.200000000000003 3.2352954732326205 326; 50
Grass;-6.500000000000011 -21.500000000000004 3.144840171886897 71; 50
Grass;-6.500000000000011 -19.800000000000004 3.054384870541174 12; 50
Grass;-6.500000000000011 -18.100000000000005 2.9639295691954506 20; 50
Grass;-6.500000000000011 -16.400000000000006 2.873474267849727 66; 50
Grass;-6.500000000000011 -14.700000000000006 2.783018966504004 187; 50
Grass;-6.500000000000011 -13.000000000000007 2.692563665158281 130; 50
Grass;-6.500000000000011 -11.300000000000008 2.6021083638125577 54; 50
Grass;-6.500000000000011 -9.600000000000009 2.5116530624668343 315; 50
Grass;-6.500000000000011 -7.900000000000009 2.4211977611211113 66; 50
Grass;-6.500000000000011 -6.20000000000001 2.330742459775388 198; 50
Grass;-6.500000000000011 -4.500000000000011 2.240287158429665 237; 50
Grass;-6.500000000000011 -2.8000000000000114 2.1498318570839414 221; 50
Grass;-6.500000000000011 -1.100000000000012 2.059376555738218 350; 50
Grass;-6.500000000000011 0.5999999999999872 1.9689212543924952 87; 50
Grass;-6.500000000000011 2.299999999999983 1.878465953046772 163; 50
Grass;-6.500000000000011 3.999999999999986 1.7880106517010486 280; 50
Grass;-6.500000000000011 5.699999999999989 1.6975553503553251 189; 50
Grass;-6.500000000000011 7.399999999999984 1.6071000490096021 70; 50
Grass;-6.500000000000011 9.09999999999998 1.516644747663879 42; 50
Grass;-6.500000000000011 10.799999999999983 1.4261894463181555 36; 50
Grass;-6.500000000000011 12.499999999999986 1.335734144972432 193; 50
Grass;-6.500000000000011 14.199999999999982 1.245278843626709 2; 50
Grass;-6.500000000000011 15.899999999999977 1.154823542280986 236; 50
Grass;-6.500000000000011 17.59999999999998 1.0643682409352626 208; 50
Grass;-6.500000000000011 19.299999999999983 0.973912939589539 347; 50
Grass;-6.500000000000011 20.99999999999998 0.883457638243816 263; 50
Grass;-6.500000000000011 22.699999999999974 0.793002336898093 223; 50
Grass;-6.500000000000011 24.399999999999977 0.7025470355523695 326; 50
Grass;-4.800000000000011 -30.0 3.5092987435846608 216; 50
Grass;-4.800000000000011 -28.3 3.4188434422389373 298; 50
Grass;-4.800000000000011 -26.6 3.328388140893214 218; 50
Grass;-4.800000000000011 -24.900000000000002 3.237932839547491 136; 50
Grass;-4.800000000000011 -23.200000000000003 3.147477538201768 72; 50
Grass;-4.800000000000011 -21.500000000000004 3.057022236856044 55; 50
Grass;-4.800000000000011 -19.800000000000004 2.966566935510321 286; 50
Grass;-4.800000000000011 -18.100000000000005 2.876111634164598 307; 50
Grass;-4.800000000000011 -16.400000000000006 2.7856563328188746 141; 50
Grass;-4.800000000000011 -14.700000000000006 2.695201031473151 125; 50
Grass;-4.800000000000011 -13.000000000000007 2.604745730127428 27; 50
Grass;-4.800000000000011 -11.300000000000008 2.5142904287817047 65; 50
Grass;-4.800000000000011 -9.600000000000009 2.4238351274359813 184; 50
Grass;-4.800000000000011 -7.900000000000009 2.3333798260902583 305; 50
Grass;-4.800000000000011 -6.20000000000001 2.2429245247445353 229; 50
Grass;-4.800000000000011 -4.500000000000011 2.152469223398812 170; 50
Grass;-4.800000000000011 -2.8000000000000114 2.0620139220530884 110; 50
Grass;-4.800000000000011 -1.100000000000012 1.9715586207073654 158; 50
Grass;-4.800000000000011 0.5999999999999872 1.8811033193616422 262; 50
Grass;-4.800000000000011 2.299999999999983 1.7906480180159192 192; 50
Grass;-4.800000000000011 3.999999999999986 1.7001927166701958 171; 50
Grass;-4.800000000000011 5.699999999999989 1.6097374153244723 146; 50
Grass;-4.800000000000011 7.399999999999984 1.5192821139787493 342; 50
Grass;-4.800000000000011 9.09999999999998 1.4288268126330261 311; 50
Grass;-4.800000000000011 10.799999999999983 1.3383715112873027 57; 50
Grass;-4.800000000000011 12.499999999999986 1.2479162099415793 150; 50
Grass;-4.800000000000011 14.199999999999982 1.1574609085958563 42; 50
Grass;-4.800000000000011 15.899999999999977 1.067005607250133 39; 50
Grass;-4.800000000000011 17.59999999999998 0.9765503059044096 228; 50
Grass;-4.800000000000011 19.299999999999983 0.8860950045586862 203; 50
Grass;-4.800000000000011 20.99999999999998 0.7956397032129632 187; 50
Grass;-4.800000000000011 22.699999999999974 0.7051844018672402 44; 50
Grass;-4.800000000000011 24.399999999999977 0.6147291005215167 193; 50
Grass;-3.100000000000012 -30.0 3.4214808085538078 313; 50
Grass;-3.100000000000012 -28.3 3.3310255072080848 150; 50
Grass;-3.100000000000012 -26.6 3.2405702058623613 3; 50
Grass;-3.100000000000012 -24.900000000000002 3.150114904516638 251; 50
Grass;-3.100000000000012 -23.200000000000003 3.059659603170915 18; 50
Grass;-3.100000000000012 -21.500000000000004 2.9692043018251915 131; 50
Grass;-3.100000000000012 -19.800000000000004 2.878749000479468 324; 50
Grass;-3.100000000000012 -18.100000000000005 2.788293699133745 197; 50
Grass;-3.100000000000012 -16.400000000000006 2.697838397788022 157; 50
Grass;-3.100000000000012 -14.700000000000006 2.607383096442298 200; 50
Grass;-3.100000000000012 -13.000000000000007 2.516927795096575 37; 50
Grass;-3.100000000000012 -11.300000000000008 2.426472493750852 36; 50
Grass;-3.100000000000012 -9.600000000000009 2.3360171924051287 271; 50
Grass;-3.100000000000012 -7.900000000000009 2.2455618910594057 4; 50
Grass;-3.100000000000012 -6.20000000000001 2.1551065897136823 237; 50
Grass;-3.100000000000012 -4.500000000000011 2.064651288367959 313; 50
Grass;-3.100000000000012 -2.8000000000000114 1.9741959870222359 106; 50
Grass;-3.100000000000012 -1.100000000000012 1.8837406856765126 266; 50
Grass;-3.100000000000012 0.5999999999999872 1.7932853843307894 242; 50
Grass;-3.100000000000012 2.299999999999983 1.7028300829850664 276; 50
Grass;-3.100000000000012 3.999999999999986 1.6123747816393428 15; 50
Grass;-3.100000000000012 5.699999999999989 1.5219194802936193 152; 50
Grass;-3.100000000000012 7.399999999999984 1.4314641789478963 220; 50
Grass;-3.100000000000012 9.09999999999998 1.3410088776021734 292; 50
Grass;-3.100000000000012 10.799999999999983 1.25055357625645 290; 50
Grass;-3.100000000000012 12.499999999999986 1.1600982749107265 39; 50
Grass;-3.100000000000012 14.199999999999982 1.0696429735650035 8; 50
Grass;-3.100000000000012 15.899999999999977 0.9791876722192803 282; 50
Grass;-3.100000000000012 17.59999999999998 0.8887323708735568 63; 50
Grass;-3.100000000000012 19.299999999999983 0.7982770695278334 271; 50
Grass;-3.100000000000012 20.99999999999998 0.7078217681821104 78; 50
Grass;-3.100000000000012 22.699999999999974 0.6173664668363874 306; 50
Grass;-3.100000000000012 24.399999999999977 0.526911165490664 304; 50
Grass;-1.4000000000000128 -30.0 3.3336628735229548 313; 50
Grass;-1.4000000000000128 -28.3 3.2432075721772318 336; 50
Grass;-1.4000000000000128 -26.6 3.1527522708315088 221; 50
Grass;-1.4000000000000128 -24.900000000000002 3.0622969694857853 291; 50
Grass;-1.4000000000000128 -23.200000000000003 2.971841668140062 33; 50
Grass;-1.4000000000000128 -21.500000000000004 2.881386366794339 85; 50
Grass;-1.4000000000000128 -19.800000000000004 2.7909310654486155 174; 50
Grass;-1.4000000000000128 -18.100000000000005 2.700475764102892 300; 50
Grass;-1.4000000000000128 -16.400000000000006 2.610020462757169 227; 50
Grass;-1.4000000000000128 -14.700000000000006 2.5195651614114456 113; 50
Grass;-1.4000000000000128 -13.000000000000007 2.429109860065722 107; 50
Grass;-1.4000000000000128 -11.300000000000008 2.338654558719999 262; 50
Grass;-1.4000000000000128 -9.600000000000009 2.2481992573742757 340; 50
Grass;-1.4000000000000128 -7.900000000000009 2.1577439560285527 209; 50
Grass;-1.4000000000000128 -6.20000000000001 2.0672886546828293 223; 50
Grass;-1.4000000000000128 -4.500000000000011 1.9768333533371063 33; 50
Grass;-1.4000000000000128 -2.8000000000000114 1.886378051991383 296; 50
Grass;-1.4000000000000128 -1.100000000000012 1.7959227506456599 170; 50
Grass;-1.4000000000000128 0.5999999999999872 1.7054674492999367 346; 50
Grass;-1.4000000000000128 2.299999999999983 1.6150121479542134 17; 50
Grass;-1.4000000000000128 3.999999999999986 1.52455684660849 172; 50
Grass;-1.4000000000000128 5.699999999999989 1.4341015452627666 244; 50
Grass;-1.4000000000000128 7.399999999999984 1.3436462439170436 335; 50
Grass;-1.4000000000000128 9.09999999999998 1.2531909425713204 312; 50
Grass;-1.4000000000000128 10.799999999999983 1.162735641225597 93; 50
Grass;-1.4000000000000128 12.499999999999986 1.0722803398798735 351; 50
Grass;-1.4000000000000128 14.199999999999982 0.9818250385341505 217; 50
Grass;-1.4000000000000128 15.899999999999977 0.8913697371884275 63; 50
Grass;-1.4000000000000128 17.59999999999998 0.800914435842704 19; 50
Grass;-1.4000000000000128 19.299999999999983 0.7104591344969804 64; 50
Grass;-1.4000000000000128 20.99999999999998 0.6200038331512576 155; 50
Grass;-1.4000000000000128 22.699999999999974 0.5295485318055346 223; 50
Grass;-1.4000000000000128 24.399999999999977 0.43909323045981113 201; 50
Grass;0.29999999999998295 -30.0 3.245844938492102 7; 50
Grass;0.29999999999998295 -28.3 3.1553896371463788 179; 50
Grass;0.29999999999998295 -26.6 3.0649343358006558 30; 50
Grass;0.29999999999998295 -24.900000000000002 2.974479034454933 187; 50
Grass;0.29999999999998295 -23.200000000000003 2.8840237331092093 148; 50
Grass;0.29999999999998295 -21.500000000000004 2.793568431763486 152; 50
Grass;0.29999999999998295 -19.800000000000004 2.703113130417763 77; 50
Grass;0.29999999999998295 -18.100000000000005 2.6126578290720395 181; 50
Grass;0.29999999999998295 -16.400000000000006 2.522202527726316 48; 50
Grass;0.29999999999998295 -14.700000000000006 2.431747226380593 292; 50
Grass;0.29999999999998295 -13.000000000000007 2.3412919250348696 230; 50
Grass;0.29999999999998295 -11.300000000000008 2.2508366236891466 9; 50
Grass;0.29999999999998295 -9.600000000000009 2.160381322343423 348; 50
Grass;0.29999999999998295 -7.900000000000009 2.0699260209977 145; 50
Grass;0.29999999999998295 -6.20000000000001 1.979470719651977 65; 50
Grass;0.29999999999998295 -4.500000000000011 1.8890154183062537 192; 50
Grass;0.29999999999998295 -2.8000000000000114 1.7985601169605305 241; 50
Grass;0.29999999999998295 -1.100000000000012 1.708104815614807 76; 50
Grass;0.29999999999998295 0.5999999999999872 1.6176495142690839 253; 50
Grass;0.29999999999998295 2.299999999999983 1.5271942129233609 291; 50
Grass;0.29999999999998295 3.999999999999986 1.4367389115776374 134; 50
Grass;0.29999999999998295 5.699999999999989 1.346283610231914 179; 50
Grass;0.29999999999998295 7.399999999999984 1.255828308886191 206; 50
Grass;0.29999999999998295 9.09999999999998 1.1653730075404678 148; 50
Grass;0.29999999999998295 10.799999999999983 1.0749177061947444 53; 50
Grass;0.29999999999998295 12.499999999999986 0.9844624048490209 119; 50
Grass;0.29999999999998295 14.199999999999982 0.8940071035032979 221; 50
Grass;0.29999999999998295 15.899999999999977 0.8035518021575747 174; 50
Grass;0.29999999999998295 17.59999999999998 0.7130965008118513 114; 50
Grass;0.29999999999998295 19.299999999999983 0.6226411994661278 239; 50
Grass;0.29999999999998295 20.99999999999998 0.5321858981204048 80; 50
Grass;0.29999999999998295 22.699999999999974 0.4417305967746818 248; 50
Grass;0.29999999999998295 24.399999999999977 0.35127529542895836 336; 50
Grass;1.9999999999999858 -30.0 3.158027003461249 322; 50
Grass;1.9999999999999858 -28.3 3.0675717021155258 332; 50
Grass;1.9999999999999858 -26.6 2.9771164007698028 259; 50
Grass;1.9999999999999858 -24.900000000000002 2.88666109942408 324; 50
Grass;1.9999999999999858 -23.200000000000003 2.7962057980783563 116; 50
Grass;1.9999999999999858 -21.500000000000004 2.705750496732633 6; 50
Grass;1.9999999999999858 -19.800000000000004 2.61529519538691 187; 50
Grass;1.9999999999999858 -18.100000000000005 2.5248398940411865 84; 50
Grass;1.9999999999999858 -16.400000000000006 2.434384592695463 56; 50
Grass;1.9999999999999858 -14.700000000000006 2.34392929134974 82; 50
Grass;1.9999999999999858 -13.000000000000007 2.2534739900040166 172; 50
Grass;1.9999999999999858 -11.300000000000008 2.1630186886582936 61; 50
Grass;1.9999999999999858 -9.600000000000009 2.07256338731257 108; 50
Grass;1.9999999999999858 -7.900000000000009 1.9821080859668472 345; 50
Grass;1.9999999999999858 -6.20000000000001 1.891652784621124 351; 50
Grass;1.9999999999999858 -4.500000000000011 1.8011974832754007 54; 50
Grass;1.9999999999999858 -2.8000000000000114 1.7107421819296775 133; 50
Grass;1.9999999999999858 -1.100000000000012 1.620286880583954 158; 50
Grass;1.9999999999999858 0.5999999999999872 1.5298315792382309 142; 50
Grass;1.9999999999999858 2.299999999999983 1.4393762778925079 153; 50
Grass;1.9999999999999858 3.999999999999986 1.3489209765467844 198; 50
Grass;1.9999999999999858 5.699999999999989 1.258465675201061 2; 50
Grass;1.9999999999999858 7.399999999999984 1.168010373855338 279; 50
Grass;1.9999999999999858 9.09999999999998 1.0775550725096148 78; 50
Grass;1.9999999999999858 10.799999999999983 0.9870997711638914 30; 50
Grass;1.9999999999999858 12.499999999999986 0.8966444698181679 245; 50
Grass;1.9999999999999858 14.199999999999982 0.8061891684724449 15; 50
Grass;1.9999999999999858 15.899999999999977 0.7157338671267217 257; 50
Grass;1.9999999999999858 17.59999999999998 0.6252785657809985 163; 50
Grass;1.9999999999999858 19.299999999999983 0.5348232644352748 13; 50
Grass;1.9999999999999858 20.99999999999998 0.4443679630895518 85; 50
Grass;1.9999999999999858 22.699999999999974 0.3539126617438288 34; 50
Grass;1.9999999999999858 24.399999999999977 0.26345736039810536 88; 50
Grass;3.6999999999999886 -30.0 3.070209068430396 179; 50
Grass;3.6999999999999886 -28.3 2.9797537670846728 138; 50
Grass;3.6999999999999886 -26.6 2.8892984657389498 221; 50
Grass;3.6999999999999886 -24.900000000000002 2.798843164393227 278; 50
Grass;3.6999999999999886 -23.200000000000003 2.7083878630475033 50; 50
Grass;3.6999999999999886 -21.500000000000004 2.61793256170178 315; 50
Grass;3.6999999999999886 -19.800000000000004 2.527477260356057 273; 50
Grass;3.6999999999999886 -18.100000000000005 2.4370219590103335 197; 50
Grass;3.6999999999999886 -16.400000000000006 2.34656665766461 290; 50
Grass;3.6999999999999886 -14.700000000000006 2.256111356318887 226; 50
Grass;3.6999999999999886 -13.000000000000007 2.1656560549731636 64; 50
Grass;3.6999999999999886 -11.300000000000008 2.0752007536274406 111; 50
Grass;3.6999999999999886 -9.600000000000009 1.9847454522817174 277; 50
Grass;3.6999999999999886 -7.900000000000009 1.8942901509359942 177; 50
Grass;3.6999999999999886 -6.20000000000001 1.803834849590271 286; 50
Grass;3.6999999999999886 -4.500000000000011 1.7133795482445477 32; 50
Grass;3.6999999999999886 -2.8000000000000114 1.6229242468988245 84; 50
Grass;3.6999999999999886 -1.100000000000012 1.532468945553101 49; 50
Grass;3.6999999999999886 0.5999999999999872 1.4420136442073779 302; 50
Grass;3.6999999999999886 2.299999999999983 1.3515583428616549 298; 50
Grass;3.6999999999999886 3.999999999999986 1.2611030415159314 200; 50
Grass;3.6999999999999886 5.699999999999989 1.170647740170208 93; 50
Grass;3.6999999999999886 7.399999999999984 1.0801924388244848 290; 50
Grass;3.6999999999999886 9.09999999999998 0.9897371374787618 289; 50
Grass;3.6999999999999886 10.799999999999983 0.8992818361330384 321; 50
Grass;3.6999999999999886 12.499999999999986 0.8088265347873149 91; 50
Grass;3.6999999999999886 14.199999999999982 0.7183712334415919 10; 50
Grass;3.6999999999999886 15.899999999999977 0.6279159320958689 122; 50
Grass;3.6999999999999886 17.59999999999998 0.5374606307501455 291; 50
Grass;3.6999999999999886 19.299999999999983 0.4470053294044218 264; 50
Grass;3.6999999999999886 20.99999999999998 0.3565500280586988 275; 50
Grass;3.6999999999999886 22.699999999999974 0.2660947267129758 44; 50
Grass;3.6999999999999886 24.399999999999977 0.17563942536725236 213; 50
Grass;5.399999999999984 -30.0 2.9823911333995436 86; 50
Grass;5.399999999999984 -28.3 2.8919358320538207 158; 50
Grass;5.399999999999984 -26.6 2.801480530708097 251; 50
Grass;5.399999999999984 -24.900000000000002 2.711025229362374 223; 50
Grass;5.399999999999984 -23.200000000000003 2.620569928016651 245; 50
Grass;5.399999999999984 -21.500000000000004 2.5301146266709273 34; 50
Grass;5.399999999999984 -19.800000000000004 2.439659325325204 15; 50
Grass;5.399999999999984 -18.100000000000005 2.349204023979481 178; 50
Grass;5.399999999999984 -16.400000000000006 2.258748722633758 216; 50
Grass;5.399999999999984 -14.700000000000006 2.1682934212880345 316; 50
Grass;5.399999999999984 -13.000000000000007 2.077838119942311 306; 50
Grass;5.399999999999984 -11.300000000000008 1.987382818596588 40; 50
Grass;5.399999999999984 -9.600000000000009 1.8969275172508648 308; 50
Grass;5.399999999999984 -7.900000000000009 1.8064722159051416 121; 50
Grass;5.399999999999984 -6.20000000000001 1.7160169145594184 218; 50
Grass;5.399999999999984 -4.500000000000011 1.625561613213695 255; 50
Grass;5.399999999999984 -2.8000000000000114 1.5351063118679718 95; 50
Grass;5.399999999999984 -1.100000000000012 1.4446510105222485 38; 50
Grass;5.399999999999984 0.5999999999999872 1.3541957091765253 102; 50
Grass;5.399999999999984 2.299999999999983 1.263740407830802 107; 50
Grass;5.399999999999984 3.999999999999986 1.1732851064850787 305; 50
Grass;5.399999999999984 5.699999999999989 1.0828298051393552 264; 50
Grass;5.399999999999984 7.399999999999984 0.9923745037936322 5; 50
Grass;5.399999999999984 9.09999999999998 0.9019192024479092 11; 50
Grass;5.399999999999984 10.799999999999983 0.8114639011021858 203; 50
Grass;5.399999999999984 12.499999999999986 0.7210085997564624 268; 50
Grass;5.399999999999984 14.199999999999982 0.6305532984107394 270; 50
Grass;5.399999999999984 15.899999999999977 0.5400979970650162 142; 50
Grass;5.399999999999984 17.59999999999998 0.44964269571929266 326; 50
Grass;5.399999999999984 19.299999999999983 0.3591873943735692 314; 50
Grass;5.399999999999984 20.99999999999998 0.26873209302784623 239; 50
Grass;5.399999999999984 22.699999999999974 0.17827679168212324 173; 50
Grass;5.399999999999984 24.399999999999977 0.0878214903363998 116; 50
Grass;7.09999999999998 -30.0 2.8945731983686906 103; 50
Grass;7.09999999999998 -28.3 2.8041178970229677 343; 50
Grass;7.09999999999998 -26.6 2.7136625956772447 213; 50
Grass;7.09999999999998 -24.900000000000002 2.6232072943315212 182; 50
Grass;7.09999999999998 -23.200000000000003 2.5327519929857982 41; 50
Grass;7.09999999999998 -21.500000000000004 2.442296691640075 236; 50
Grass;7.09999999999998 -19.800000000000004 2.3518413902943514 83; 50
Grass;7.09999999999998 -18.100000000000005 2.2613860889486284 56; 50
Grass;7.09999999999998 -16.400000000000006 2.170930787602905 154; 50
Grass;7.09999999999998 -14.700000000000006 2.080475486257182 36; 50
Grass;7.09999999999998 -13.000000000000007 1.9900201849114587 348; 50
Grass;7.09999999999998 -11.300000000000008 1.8995648835657355 279; 50
Grass;7.09999999999998 -9.600000000000009 1.8091095822200123 234; 50
Grass;7.09999999999998 -7.900000000000009 1.7186542808742888 79; 50
Grass;7.09999999999998 -6.20000000000001 1.6281989795285656 193; 50
Grass;7.09999999999998 -4.500000000000011 1.5377436781828424 303; 50
Grass;7.09999999999998 -2.8000000000000114 1.4472883768371192 334; 50
Grass;7.09999999999998 -1.100000000000012 1.356833075491396 108; 50
Grass;7.09999999999998 0.5999999999999872 1.2663777741456725 251; 50
Grass;7.09999999999998 2.299999999999983 1.1759224727999495 219; 50
Grass;7.09999999999998 3.999999999999986 1.085467171454226 325; 50
Grass;7.09999999999998 5.699999999999989 0.9950118701085027 258; 50
Grass;7.09999999999998 7.399999999999984 0.9045565687627797 151; 50
Grass;7.09999999999998 9.09999999999998 0.8141012674170565 149; 50
Grass;7.09999999999998 10.799999999999983 0.723645966071333 264; 50
Grass;7.09999999999998 12.499999999999986 0.6331906647256096 100; 50
Grass;7.09999999999998 14.199999999999982 0.5427353633798866 292; 50
Grass;7.09999999999998 15.899999999999977 0.45228006203416354 250; 50
Grass;7.09999999999998 17.59999999999998 0.3618247606884401 318; 50
Grass;7.09999999999998 19.299999999999983 0.27136945934271667 179; 50
Grass;7.09999999999998 20.99999999999998 0.18091415799699367 0; 50
Grass;7.09999999999998 22.699999999999974 0.09045885665127068 147; 50
Grass;7.09999999999998 24.399999999999977 3.555305547242593e-06 272; 50
Grass;8.799999999999983 -30.0 2.8067552633378376 24; 50
Grass;8.799999999999983 -28.3 2.7162999619921147 9; 50
Grass;8.799999999999983 -26.6 2.6258446606463917 34; 50
Grass;8.799999999999983 -24.900000000000002 2.535389359300668 245; 50
Grass;8.799999999999983 -23.200000000000003 2.4449340579549452 62; 50
Grass;8.799999999999983 -21.500000000000004 2.354478756609222 224; 50
Grass;8.799999999999983 -19.800000000000004 2.2640234552634984 285; 50
Grass;8.799999999999983 -18.100000000000005 2.1735681539177754 284; 50
Grass;8.799999999999983 -16.400000000000006 2.083112852572052 223; 50
Grass;8.799999999999983 -14.700000000000006 1.992657551226329 109; 50
Grass;8.799999999999983 -13.000000000000007 1.9022022498806057 128; 50
Grass;8.799999999999983 -11.300000000000008 1.8117469485348825 229; 50
Grass;8.799999999999983 -9.600000000000009 1.7212916471891593 34; 50
Grass;8.799999999999983 -7.900000000000009 1.6308363458434358 318; 50
Grass;8.799999999999983 -6.20000000000001 1.5403810444977126 51; 50
Grass;8.799999999999983 -4.500000000000011 1.4499257431519894 316; 50
Grass;8.799999999999983 -2.8000000000000114 1.3594704418062662 110; 50
Grass;8.799999999999983 -1.100000000000012 1.269015140460543 185; 50
Grass;8.799999999999983 0.5999999999999872 1.1785598391148195 154; 50
Grass;8.799999999999983 2.299999999999983 1.0881045377690965 304; 50
Grass;8.799999999999983 3.999999999999986 0.9976492364233731 223; 50
Grass;8.799999999999983 5.699999999999989 0.9071939350776497 2; 50
Grass;8.799999999999983 7.399999999999984 0.8167386337319267 137; 50
Grass;8.799999999999983 9.09999999999998 0.7262833323862035 350; 50
Grass;8.799999999999983 10.799999999999983 0.63582803104048 250; 50
Grass;8.799999999999983 12.499999999999986 0.5453727296947566 324; 50
Grass;8.799999999999983 14.199999999999982 0.45491742834903354 180; 50
Grass;8.799999999999983 15.899999999999977 0.36446212700331054 340; 50
Grass;8.799999999999983 17.59999999999998 0.2740068256575871 255; 50
Grass;8.799999999999983 19.299999999999983 0.18355152431186367 87; 50
Grass;8.799999999999983 20.99999999999998 0.09309622296614067 149; 50
Grass;8.799999999999983 22.699999999999974 0.00264092162041768 79; 50
Grass;8.799999999999983 24.399999999999977 -0.08781437972530576 86; 50
Grass;10.499999999999986 -30.0 2.7189373283069846 255; 50
Grass;10.499999999999986 -28.3 2.6284820269612617 64; 50
Grass;10.499999999999986 -26.6 2.5380267256155387 47; 50
Grass;10.499999999999986 -24.900000000000002 2.447571424269815 12; 50
Grass;10.499999999999986 -23.200000000000003 2.3571161229240922 316; 50
Grass;10.499999999999986 -21.500000000000004 2.266660821578369 155; 50
Grass;10.499999999999986 -19.800000000000004 2.1762055202326454 115; 50
Grass;10.499999999999986 -18.100000000000005 2.0857502188869224 219; 50
Grass;10.499999999999986 -16.400000000000006 1.9952949175411991 329; 50
Grass;10.499999999999986 -14.700000000000006 1.904839616195476 95; 50
Grass;10.499999999999986 -13.000000000000007 1.8143843148497527 303; 50
Grass;10.499999999999986 -11.300000000000008 1.7239290135040295 249; 50
Grass;10.499999999999986 -9.600000000000009 1.6334737121583063 69; 50
Grass;10.499999999999986 -7.900000000000009 1.5430184108125828 244; 50
Grass;10.499999999999986 -6.20000000000001 1.4525631094668596 330; 50
Grass;10.499999999999986 -4.500000000000011 1.3621078081211364 346; 50
Grass;10.499999999999986 -2.8000000000000114 1.2716525067754132 86; 50
Grass;10.499999999999986 -1.100000000000012 1.18119720542969 219; 50
Grass;10.499999999999986 0.5999999999999872 1.0907419040839665 323; 50
Grass;10.499999999999986 2.299999999999983 1.0002866027382435 119; 50
Grass;10.499999999999986 3.999999999999986 0.9098313013925201 88; 50
Grass;10.499999999999986 5.699999999999989 0.8193760000467967 118; 50
Grass;10.499999999999986 7.399999999999984 0.7289206987010737 313; 50
Grass;10.499999999999986 9.09999999999998 0.6384653973553505 296; 50
Grass;10.499999999999986 10.799999999999983 0.548010096009627 90; 50
Grass;10.499999999999986 12.499999999999986 0.45755479466390353 224; 50
Grass;10.499999999999986 14.199999999999982 0.36709949331818054 60; 50
Grass;10.499999999999986 15.899999999999977 0.27664419197245754 170; 50
Grass;10.499999999999986 17.59999999999998 0.1861888906267341 33; 50
Grass;10.499999999999986 19.299999999999983 0.09573358928101067 160; 50
Grass;10.499999999999986 20.99999999999998 0.005278287935287673 251; 50
Grass;10.499999999999986 22.699999999999974 -0.08517701341043532 345; 50
Grass;10.499999999999986 24.399999999999977 -0.17563231475615876 297; 50
Grass;12.199999999999982 -30.0 2.6311193932761325 143; 50
Grass;12.199999999999982 -28.3 2.540664091930409 340; 50
Grass;12.199999999999982 -26.6 2.4502087905846857 332; 50
Grass;12.199999999999982 -24.900000000000002 2.3597534892389627 293; 50
Grass;12.199999999999982 -23.200000000000003 2.2692981878932397 314; 50
Grass;12.199999999999982 -21.500000000000004 2.1788428865475162 337; 50
Grass;12.199999999999982 -19.800000000000004 2.088387585201793 165; 50
Grass;12.199999999999982 -18.100000000000005 1.9979322838560698 278; 50
Grass;12.199999999999982 -16.400000000000006 1.9074769825103466 303; 50
Grass;12.199999999999982 -14.700000000000006 1.8170216811646231 248; 50
Grass;12.199999999999982 -13.000000000000007 1.7265663798189002 124; 50
Grass;12.199999999999982 -11.300000000000008 1.6361110784731767 195; 50
Grass;12.199999999999982 -9.600000000000009 1.5456557771274535 346; 50
Grass;12.199999999999982 -7.900000000000009 1.4552004757817303 3; 50
Grass;12.199999999999982 -6.20000000000001 1.364745174436007 194; 50
Grass;12.199999999999982 -4.500000000000011 1.2742898730902836 232; 50
Grass;12.199999999999982 -2.8000000000000114 1.1838345717445604 35; 50
Grass;12.199999999999982 -1.100000000000012 1.0933792703988372 115; 50
Grass;12.199999999999982 0.5999999999999872 1.002923969053114 312; 50
Grass;12.199999999999982 2.299999999999983 0.912468667707391 342; 50
Grass;12.199999999999982 3.999999999999986 0.8220133663616676 163; 50
Grass;12.199999999999982 5.699999999999989 0.7315580650159441 320; 50
Grass;12.199999999999982 7.399999999999984 0.6411027636702209 359; 50
Grass;12.199999999999982 9.09999999999998 0.5506474623244979 41; 50
Grass;12.199999999999982 10.799999999999983 0.4601921609787744 37; 50
Grass;12.199999999999982 12.499999999999986 0.369736859633051 303; 50
Grass;12.199999999999982 14.199999999999982 0.279281558287328 153; 50
Grass;12.199999999999982 15.899999999999977 0.188826256941605 44; 50
Grass;12.199999999999982 17.59999999999998 0.09837095559588155 168; 50
Grass;12.199999999999982 19.299999999999983 0.007915654250157889 285; 50
Grass;12.199999999999982 20.99999999999998 -0.0825396470955651 271; 50
Grass;12.199999999999982 22.699999999999974 -0.1729949484412881 25; 50
Grass;12.199999999999982 24.399999999999977 -0.26345024978701154 301; 50
Grass;13.899999999999977 -30.0 2.5433014582452795 328; 50
Grass;13.899999999999977 -28.3 2.4528461568995565 129; 50
Grass;13.899999999999977 -26.6 2.362390855553833 77; 50
Grass;13.899999999999977 -24.900000000000002 2.27193555420811 301; 50
Grass;13.899999999999977 -23.200000000000003 2.1814802528623867 132; 50
Grass;13.899999999999977 -21.500000000000004 2.0910249515166632 192; 50
Grass;13.899999999999977 -19.800000000000004 2.0005696501709402 197; 50
Grass;13.899999999999977 -18.100000000000005 1.910114348825217 132; 50
Grass;13.899999999999977 -16.400000000000006 1.819659047479494 231; 50
Grass;13.899999999999977 -14.700000000000006 1.7292037461337706 251; 50
Grass;13.899999999999977 -13.000000000000007 1.6387484447880474 88; 50
Grass;13.899999999999977 -11.300000000000008 1.5482931434423242 335; 50
Grass;13.899999999999977 -9.600000000000009 1.4578378420966007 94; 50
Grass;13.899999999999977 -7.900000000000009 1.3673825407508777 112; 50
Grass;13.899999999999977 -6.20000000000001 1.2769272394051543 187; 50
Grass;13.899999999999977 -4.500000000000011 1.186471938059431 301; 50
Grass;13.899999999999977 -2.8000000000000114 1.0960166367137079 22; 50
Grass;13.899999999999977 -1.100000000000012 1.0055613353679846 192; 50
Grass;13.899999999999977 0.5999999999999872 0.9151060340222612 129; 50
Grass;13.899999999999977 2.299999999999983 0.8246507326765382 160; 50
Grass;13.899999999999977 3.999999999999986 0.7341954313308148 233; 50
Grass;13.899999999999977 5.699999999999989 0.6437401299850913 18; 50
Grass;13.899999999999977 7.399999999999984 0.5532848286393683 323; 50
Grass;13.899999999999977 9.09999999999998 0.4628295272936453 267; 50
Grass;13.899999999999977 10.799999999999983 0.37237422594792186 63; 50
Grass;13.899999999999977 12.499999999999986 0.2819189246021984 138; 50
Grass;13.899999999999977 14.199999999999982 0.19146362325647542 281; 50
Grass;13.899999999999977 15.899999999999977 0.10100832191075221 179; 50
Grass;13.899999999999977 17.59999999999998 0.01055302056502877 87; 50
Grass;13.899999999999977 19.299999999999983 -0.07990228078069489 202; 50
Grass;13.899999999999977 20.99999999999998 -0.17035758212641788 23; 50
Grass;13.899999999999977 22.699999999999974 -0.2608128834721409 348; 50
Grass;13.899999999999977 24.399999999999977 -0.3512681848178643 238; 50
Grass;15.59999999999998 -30.0 2.4554835232144265 5; 50
Grass;15.59999999999998 -28.3 2.3650282218687035 150; 50
Grass;15.59999999999998 -26.6 2.27457292052298 187; 50
Grass;15.59999999999998 -24.900000000000002 2.184117619177257 328; 50
Grass;15.59999999999998 -23.200000000000003 2.0936623178315337 119; 50
Grass;15.59999999999998 -21.500000000000004 2.0032070164858102 67; 50
Grass;15.59999999999998 -19.800000000000004 1.9127517151400875 104; 50
Grass;15.59999999999998 -18.100000000000005 1.822296413794364 138; 50
Grass;15.59999999999998 -16.400000000000006 1.731841112448641 302; 50
Grass;15.59999999999998 -14.700000000000006 1.6413858111029176 109; 50
Grass;15.59999999999998 -13.000000000000007 1.5509305097571944 113; 50
Grass;15.59999999999998 -11.300000000000008 1.4604752084114712 9; 50
Grass;15.59999999999998 -9.600000000000009 1.3700199070657477 259; 50
Grass;15.59999999999998 -7.900000000000009 1.2795646057200245 240; 50
Grass;15.59999999999998 -6.20000000000001 1.1891093043743013 73; 50
Grass;15.59999999999998 -4.500000000000011 1.098654003028578 302; 50
Grass;15.59999999999998 -2.8000000000000114 1.0081987016828549 124; 50
Grass;15.59999999999998 -1.100000000000012 0.9177434003371316 29; 50
Grass;15.59999999999998 0.5999999999999872 0.8272880989914082 125; 50
Grass;15.59999999999998 2.299999999999983 0.7368327976456852 217; 50
Grass;15.59999999999998 3.999999999999986 0.6463774962999618 72; 50
Grass;15.59999999999998 5.699999999999989 0.5559221949542383 203; 50
Grass;15.59999999999998 7.399999999999984 0.4654668936085153 89; 50
Grass;15.59999999999998 9.09999999999998 0.3750115922627923 100; 50
Grass;15.59999999999998 10.799999999999983 0.28455629091706885 234; 50
Grass;15.59999999999998 12.499999999999986 0.19410098957134542 126; 50
Grass;15.59999999999998 14.199999999999982 0.10364568822562242 345; 50
Grass;15.59999999999998 15.899999999999977 0.013190386879899207 157; 50
Grass;15.59999999999998 17.59999999999998 -0.07726491446582423 259; 50
Grass;15.59999999999998 19.299999999999983 -0.1677202158115479 218; 50
Grass;15.59999999999998 20.99999999999998 -0.2581755171572709 239; 50
Grass;15.59999999999998 22.699999999999974 -0.3486308185029939 157; 50
Grass;15.59999999999998 24.399999999999977 -0.4390861198487173 330; 50
Grass;17.299999999999983 -30.0 2.3676655881835735 264; 50
Grass;17.299999999999983 -28.3 2.2772102868378505 59; 50
Grass;17.299999999999983 -26.6 2.186754985492127 206; 50
Grass;17.299999999999983 -24.900000000000002 2.096299684146404 178; 50
Grass;17.299999999999983 -23.200000000000003 2.0058443828006807 336; 50
Grass;17.299999999999983 -21.500000000000004 1.9153890814549575 281; 50
Grass;17.299999999999983 -19.800000000000004 1.8249337801092345 178; 50
Grass;17.299999999999983 -18.100000000000005 1.734478478763511 351; 50
Grass;17.299999999999983 -16.400000000000006 1.644023177417788 155; 50
Grass;17.299999999999983 -14.700000000000006 1.5535678760720646 202; 50
Grass;17.299999999999983 -13.000000000000007 1.4631125747263414 238; 50
Grass;17.299999999999983 -11.300000000000008 1.3726572733806182 270; 50
Grass;17.299999999999983 -9.600000000000009 1.2822019720348947 180; 50
Grass;17.299999999999983 -7.900000000000009 1.1917466706891715 139; 50
Grass;17.299999999999983 -6.20000000000001 1.1012913693434483 322; 50
Grass;17.299999999999983 -4.500000000000011 1.010836067997725 327; 50
Grass;17.299999999999983 -2.8000000000000114 0.9203807666520019 106; 50
Grass;17.299999999999983 -1.100000000000012 0.8299254653062786 198; 50
Grass;17.299999999999983 0.5999999999999872 0.7394701639605552 192; 50
Grass;17.299999999999983 2.299999999999983 0.6490148626148322 262; 50
Grass;17.299999999999983 3.999999999999986 0.5585595612691088 106; 50
Grass;17.299999999999983 5.699999999999989 0.4681042599233853 203; 50
Grass;17.299999999999983 7.399999999999984 0.3776489585776623 138; 50
Grass;17.299999999999983 9.09999999999998 0.2871936572319393 16; 50
Grass;17.299999999999983 10.799999999999983 0.19673835588621585 14; 50
Grass;17.299999999999983 12.499999999999986 0.10628305454049242 295; 50
Grass;17.299999999999983 14.199999999999982 0.015827753194769423 64; 50
Grass;17.299999999999983 15.899999999999977 -0.07462754815095379 284; 50
Grass;17.299999999999983 17.59999999999998 -0.16508284949667723 23; 50
Grass;17.299999999999983 19.299999999999983 -0.2555381508424009 193; 50
Grass;17.299999999999983 20.99999999999998 -0.3459934521881239 322; 50
Grass;17.299999999999983 22.699999999999974 -0.4364487535338469 206; 50
Grass;17.299999999999983 24.399999999999977 -0.5269040548795703 344; 50
Grass;18.99999999999998 -30.0 2.279847653152721 229; 50
Grass;18.99999999999998 -28.3 2.189392351806998 203; 50
Grass;18.99999999999998 -26.6 2.0989370504612745 172; 50
Grass;18.99999999999998 -24.900000000000002 2.0084817491155516 343; 50
Grass;18.99999999999998 -23.200000000000003 1.9180264477698283 192; 50
Grass;18.99999999999998 -21.500000000000004 1.827571146424105 252; 50
Grass;18.99999999999998 -19.800000000000004 1.737115845078382 207; 50
Grass;18.99999999999998 -18.100000000000005 1.6466605437326585 10; 50
Grass;18.99999999999998 -16.400000000000006 1.5562052423869355 106; 50
Grass;18.99999999999998 -14.700000000000006 1.465749941041212 152; 50
Grass;18.99999999999998 -13.000000000000007 1.3752946396954888 270; 50
Grass;18.99999999999998 -11.300000000000008 1.2848393383497656 76; 50
Grass;18.99999999999998 -9.600000000000009 1.1943840370040422 41; 50
Grass;18.99999999999998 -7.900000000000009 1.103928735658319 239; 50
Grass;18.99999999999998 -6.20000000000001 1.0134734343125957 341; 50
Grass;18.99999999999998 -4.500000000000011 0.9230181329668725 140; 50
Grass;18.99999999999998 -2.8000000000000114 0.8325628316211493 114; 50
Grass;18.99999999999998 -1.100000000000012 0.7421075302754261 319; 50
Grass;18.99999999999998 0.5999999999999872 0.6516522289297029 314; 50
Grass;18.99999999999998 2.299999999999983 0.5611969275839797 274; 50
Grass;18.99999999999998 3.999999999999986 0.47074162623825616 111; 50
Grass;18.99999999999998 5.699999999999989 0.3802863248925327 303; 50
Grass;18.99999999999998 7.399999999999984 0.28983102354680973 13; 50
Grass;18.99999999999998 9.09999999999998 0.19937572220108674 203; 50
Grass;18.99999999999998 10.799999999999983 0.1089204208553633 283; 50
Grass;18.99999999999998 12.499999999999986 0.01846511950963986 353; 50
Grass;18.99999999999998 14.199999999999982 -0.07199018183608313 152; 50
Grass;18.99999999999998 15.899999999999977 -0.16244548318180635 184; 50
Grass;18.99999999999998 17.59999999999998 -0.2529007845275298 180; 50
Grass;18.99999999999998 19.299999999999983 -0.34335608587325345 277; 50
Grass;18.99999999999998 20.99999999999998 -0.43381138721897644 101; 50
Grass;18.99999999999998 22.699999999999974 -0.5242666885646994 111; 50
Grass;18.99999999999998 24.399999999999977 -0.6147219899104228 150; 50
Grass;20.699999999999974 -30.0 2.1920297181218684 133; 50
Grass;20.699999999999974 -28.3 2.1015744167761454 279; 50
Grass;20.699999999999974 -26.6 2.011119115430422 268; 50
Grass;20.699999999999974 -24.900000000000002 1.920663814084699 114; 50
Grass;20.699999999999974 -23.200000000000003 1.8302085127389758 346; 50
Grass;20.699999999999974 -21.500000000000004 1.7397532113932523 75; 50
Grass;20.699999999999974 -19.800000000000004 1.6492979100475291 162; 50
Grass;20.699999999999974 -18.100000000000005 1.558842608701806 164; 50
Grass;20.699999999999974 -16.400000000000006 1.4683873073560827 110; 50
Grass;20.699999999999974 -14.700000000000006 1.3779320060103595 101; 50
Grass;20.699999999999974 -13.000000000000007 1.287476704664636 214; 50
Grass;20.699999999999974 -11.300000000000008 1.1970214033189128 358; 50
Grass;20.699999999999974 -9.600000000000009 1.1065661019731896 133; 50
Grass;20.699999999999974 -7.900000000000009 1.0161108006274664 339; 50
Grass;20.699999999999974 -6.20000000000001 0.9256554992817432 97; 50
Grass;20.699999999999974 -4.500000000000011 0.8352001979360197 77; 50
Grass;20.699999999999974 -2.8000000000000114 0.7447448965902965 158; 50
Grass;20.699999999999974 -1.100000000000012 0.6542895952445733 252; 50
Grass;20.699999999999974 0.5999999999999872 0.5638342938988501 91; 50
Grass;20.699999999999974 2.299999999999983 0.47337899255312704 7; 50
Grass;20.699999999999974 3.999999999999986 0.3829236912074036 184; 50
Grass;20.699999999999974 5.699999999999989 0.29246838986168017 142; 50
Grass;20.699999999999974 7.399999999999984 0.20201308851595717 255; 50
Grass;20.699999999999974 9.09999999999998 0.11155778717023396 221; 50
Grass;20.699999999999974 10.799999999999983 0.02110248582451052 222; 50
Grass;20.699999999999974 12.499999999999986 -0.06935281552121292 183; 50
Grass;20.699999999999974 14.199999999999982 -0.1598081168669359 85; 50
Grass;20.699999999999974 15.899999999999977 -0.25026341821265913 233; 50
Grass;20.699999999999974 17.59999999999998 -0.34071871955838257 231; 50
Grass;20.699999999999974 19.299999999999983 -0.431174020904106 32; 50
Grass;20.699999999999974 20.99999999999998 -0.5216293222498289 58; 50
Grass;20.699999999999974 22.699999999999974 -0.6120846235955519 230; 50
Grass;20.699999999999974 24.399999999999977 -0.7025399249412754 239; 50
Grass;22.399999999999977 -30.0 2.1042117830910154 359; 50
Grass;22.399999999999977 -28.3 2.0137564817452924 109; 50
Grass;22.399999999999977 -26.6 1.9233011803995692 241; 50
Grass;22.399999999999977 -24.900000000000002 1.832845879053846 145; 50
Grass;22.399999999999977 -23.200000000000003 1.7423905777081228 47; 50
Grass;22.399999999999977 -21.500000000000004 1.6519352763623993 340; 50
Grass;22.399999999999977 -19.800000000000004 1.5614799750166761 107; 50
Grass;22.399999999999977 -18.100000000000005 1.471024673670953 272; 50
Grass;22.399999999999977 -16.400000000000006 1.3805693723252297 122; 50
Grass;22.399999999999977 -14.700000000000006 1.2901140709795063 341; 50
Grass;22.399999999999977 -13.000000000000007 1.199658769633783 96; 50
Grass;22.399999999999977 -11.300000000000008 1.1092034682880598 114; 50
Grass;22.399999999999977 -9.600000000000009 1.0187481669423366 213; 50
Grass;22.399999999999977 -7.900000000000009 0.9282928655966134 218; 50
Grass;22.399999999999977 -6.20000000000001 0.8378375642508902 91; 50
Grass;22.399999999999977 -4.500000000000011 0.7473822629051667 220; 50
Grass;22.399999999999977 -2.8000000000000114 0.6569269615594435 281; 50
Grass;22.399999999999977 -1.100000000000012 0.5664716602137203 72; 50
Grass;22.399999999999977 0.5999999999999872 0.47601635886799704 328; 50
Grass;22.399999999999977 2.299999999999983 0.38556105752227404 169; 50
Grass;22.399999999999977 3.999999999999986 0.2951057561765506 58; 50
Grass;22.399999999999977 5.699999999999989 0.20465045483082717 96; 50
Grass;22.399999999999977 7.399999999999984 0.11419515348510417 100; 50
Grass;22.399999999999977 9.09999999999998 0.023739852139380957 124; 50
Grass;22.399999999999977 10.799999999999983 -0.06671544920634248 285; 50
Grass;22.399999999999977 12.499999999999986 -0.15717075055206592 6; 50
Grass;22.399999999999977 14.199999999999982 -0.2476260518977889 79; 50
Grass;22.399999999999977 15.899999999999977 -0.33808135324351213 83; 50
Grass;22.399999999999977 17.59999999999998 -0.42853665458923557 100; 50
Grass;22.399999999999977 19.299999999999983 -0.518991955934959 60; 50
Grass;22.399999999999977 20.99999999999998 -0.6094472572806819 35; 50
Grass;22.399999999999977 22.699999999999974 -0.6999025586264049 197; 50
Grass;22.399999999999977 24.399999999999977 -0.7903578599721284 153; 50
